wd: [-0.31711143255233765]
f1score: [0.9918037446234986]